0 1
0 15
0 7
0 2
0 3
0 39
0 10
0 159
0 246
0 61
0 140
0 22
0 60
0 14
0 52
0 57
0 8
0 5
0 506
0 29
0 13
0 4
0 40
0 20
0 658
0 191
0 54
0 137
0 291
0 17
0 36
0 11
0 12
0 6
0 399
0 98
0 63
0 28
0 575
0 122
0 409
0 49
0 9
0 105
0 179
0 25
0 64
0 76
0 341
0 38
0 129
0 134
0 208
0 111
0 85
0 30
0 79
0 37
0 62
0 416
0 284
0 155
0 244
0 46
0 977
0 21
0 44
0 26
0 16
0 27
0 376
0 202
0 35
0 325
0 156
0 109
0 66
0 394
0 53
0 108
0 75
0 18
0 96
0 157
0 428
0 481
0 43
0 475
0 47
0 217
0 100
0 42
0 229
0 65
0 48
0 259
0 427
0 132
0 523
0 198
0 139
0 23
0 70
0 188
0 238
0 230
0 101
0 211
0 571
0 335
0 93
0 786
0 45
0 94
0 356
0 196
0 443
0 31
0 186
0 391
0 33
0 508
0 142
0 73
0 240
0 87
0 256
0 90
0 165
0 371
0 170
0 547
0 213
0 729
0 99
0 82
0 262
0 69
0 160
0 255
0 51
0 81
0 55
0 143
0 50
0 305
0 824
0 314
0 212
0 201
0 290
0 149
0 118
0 113
0 304
0 199
0 258
0 120
0 104
0 107
0 34
0 301
0 125
0 131
0 58
0 112
0 405
0 91
0 86
0 41
0 195
0 247
0 80
0 151
0 24
0 166
0 123
0 163
0 292
0 965
0 32
0 56
0 992
0 310
0 128
0 980
0 152
0 651
0 513
0 184
0 71
0 67
0 374
0 88
0 222
0 320
0 59
0 220
0 207
0 162
0 77
0 243
0 19
0 736
0 579
0 765
0 97
0 757
0 168
0 525
0 583
0 116
0 92
0 918
0 110
0 78
0 117
0 218
0 286
0 161
0 239
0 950
0 339
0 127
0 358
0 114
0 578
0 124
0 200
0 467
0 563
0 682
0 479
0 468
0 751
0 697
0 295
0 172
0 83
0 349
0 106
0 181
0 323
0 313
0 226
0 380
0 194
0 570
0 554
0 344
0 485
0 504
0 177
0 68
0 250
0 210
0 302
0 203
0 144
0 387
0 133
0 312
0 744
0 781
0 795
0 944
0 353
0 366
0 316
0 345
0 233
0 529
0 164
0 725
0 115
0 398
0 299
0 257
0 283
0 558
0 311
0 364
0 720
0 121
0 95
0 498
0 224
0 197
0 562
0 84
0 178
0 582
0 869
0 449
0 130
0 384
0 138
0 234
0 102
0 228
0 89
0 214
0 150
0 737
0 183
0 126
0 190
0 148
0 496
0 154
0 440
0 362
0 355
0 411
0 685
0 232
0 666
0 288
0 206
0 317
0 530
0 252
0 532
0 787
0 324
0 370
0 135
0 342
0 589
0 278
0 402
0 888
0 853
0 204
0 604
0 216
0 192
0 947
0 948
0 974
0 254
0 176
0 423
0 348
0 448
0 715
0 136
0 169
0 282
0 719
0 708
0 378
0 185
0 74
0 546
0 266
0 425
0 618
0 103
0 421
0 297
0 591
0 337
0 367
0 771
0 444
0 333
0 327
0 173
0 717
0 752
0 608
0 550
0 167
0 954
0 141
0 509
0 219
0 503
0 555
0 552
0 205
0 187
0 477
0 343
0 153
0 147
0 209
0 264
0 265
0 982
0 379
0 840
0 338
0 743
0 146
0 978
0 548
0 414
0 365
0 829
0 145
0 913
0 828
0 671
0 268
0 336
0 676
0 281
0 241
0 823
0 437
0 915
0 215
0 470
0 321
0 363
0 245
0 381
0 182
0 843
0 492
0 298
0 940
0 340
0 905
0 972
0 275
0 511
0 180
0 422
0 158
0 269
0 889
0 901
0 770
0 661
0 698
0 331
0 72
0 334
0 514
0 318
0 231
0 347
0 174
0 375
0 689
0 507
0 693
0 482
0 603
0 223
0 587
0 916
0 392
0 225
0 880
0 778
0 494
0 971
0 585
0 779
0 630
0 534
0 410
0 665
0 415
0 119
0 584
0 808
0 274
0 560
0 242
0 276
0 995
0 667
0 403
0 267
0 193
0 346
0 396
0 686
0 683
0 740
0 674
0 491
0 863
0 580
0 330
0 910
0 782
0 716
0 760
0 404
0 307
0 805
0 884
0 280
0 488
0 593
0 898
0 285
0 171
0 826
0 842
0 294
0 354
0 260
0 463
0 328
0 270
0 407
0 540
0 293
0 542
0 495
0 545
0 956
0 920
0 700
0 874
0 237
0 538
0 543
0 777
0 681
0 397
0 395
0 271
0 732
0 221
0 383
0 531
0 890
0 445
0 461
0 907
0 453
0 588
0 559
0 289
0 451
0 441
0 865
0 581
0 408
0 567
0 663
0 806
0 707
0 706
0 876
0 515
0 454
0 385
0 841
0 360
0 721
0 315
0 637
0 557
0 621
0 803
0 657
0 553
0 369
0 235
0 401
0 329
0 386
0 439
0 434
0 227
0 189
0 458
0 713
0 175
0 478
0 438
0 640
0 476
0 446
0 773
0 791
0 393
0 466
0 249
0 632
0 798
0 489
0 303
0 236
0 852
0 741
0 848
0 442
0 296
0 592
0 539
0 747
0 431
0 764
0 569
0 273
0 389
1 92
1 121
1 10
1 4
1 94
1 66
1 2
1 3
1 41
1 14
1 8
1 79
1 40
1 42
1 5
1 6
1 43
1 900
1 55
1 395
1 216
1 126
1 16
1 7
1 73
1 457
1 222
1 35
1 284
1 9
1 182
1 28
1 325
1 235
1 819
1 82
1 47
1 99
1 22
1 11
1 31
1 17
1 85
1 33
1 190
1 62
1 36
1 51
1 71
1 171
1 357
1 240
1 26
1 39
1 166
1 69
1 18
1 245
1 34
1 178
1 322
1 286
1 104
1 784
1 958
1 20
1 70
1 52
1 346
1 195
1 215
1 32
1 101
1 208
1 712
1 54
1 98
1 383
1 333
1 838
1 119
1 64
1 873
1 46
1 272
1 80
1 30
1 29
1 998
1 109
1 25
1 63
1 89
1 27
1 56
1 426
1 132
1 150
1 435
1 15
1 74
1 120
1 23
1 24
1 53
1 242
1 158
1 573
1 50
1 207
1 314
1 631
1 38
1 138
1 96
1 675
1 12
1 463
1 489
1 147
1 279
1 156
1 108
1 155
1 164
1 21
1 485
1 381
1 822
1 162
1 95
1 83
1 908
1 102
1 308
1 45
1 475
1 204
1 77
1 116
1 113
1 248
1 351
1 81
1 459
1 318
1 168
1 518
1 107
1 490
1 157
1 291
1 87
1 422
1 61
1 57
1 19
1 359
1 796
1 44
1 58
1 179
1 332
1 365
1 320
1 406
1 48
1 258
1 163
1 393
1 37
1 283
1 976
1 185
1 146
1 13
1 528
1 135
1 161
1 100
1 355
1 93
1 209
1 299
1 75
1 203
1 115
1 734
1 97
1 634
1 926
1 914
1 497
1 117
1 67
1 276
1 60
1 247
1 340
1 582
1 212
1 294
1 963
1 850
1 579
1 78
1 106
1 324
1 535
1 409
1 134
1 462
1 952
1 86
1 246
1 136
1 201
1 187
1 127
1 223
1 319
1 306
1 238
1 133
1 249
1 142
1 512
1 572
1 968
1 129
1 194
1 807
1 76
1 577
1 564
1 49
1 130
1 153
1 268
1 59
1 860
1 244
1 65
1 160
1 151
1 271
1 241
1 504
1 921
1 165
1 221
1 105
1 72
1 718
1 149
1 454
1 159
1 229
1 424
1 486
1 532
1 173
1 981
1 197
1 412
1 175
1 505
1 385
1 924
1 970
1 478
1 169
1 943
1 68
1 270
1 783
1 368
1 695
1 250
1 259
1 233
1 265
1 256
1 217
1 804
1 144
1 88
1 231
1 261
1 861
1 390
1 480
1 430
1 331
1 84
1 310
1 111
1 934
1 141
1 167
1 186
1 118
1 226
1 376
1 358
1 967
1 620
1 227
1 219
1 199
1 399
1 561
1 148
1 329
1 293
1 91
1 892
1 775
1 374
1 923
1 722
1 289
1 790
1 145
1 597
1 776
1 811
1 758
1 189
1 586
1 252
1 309
1 183
1 90
1 407
1 539
1 174
1 576
1 110
1 177
1 589
1 176
1 334
1 601
1 287
1 202
1 909
1 557
1 524
1 152
1 590
1 677
1 257
1 644
1 224
1 225
1 750
1 112
1 389
1 473
1 856
1 103
1 645
1 881
1 959
1 345
1 530
1 739
1 140
1 832
1 342
1 302
1 656
1 684
1 993
1 210
1 548
1 253
1 122
1 137
1 143
1 131
1 994
2 74
2 222
2 109
2 4
2 46
2 25
2 3
2 65
2 5
2 16
2 541
2 45
2 49
2 48
2 7
2 64
2 9
2 6
2 432
2 158
2 37
2 11
2 654
2 159
2 13
2 277
2 67
2 51
2 33
2 161
2 348
2 70
2 18
2 39
2 691
2 29
2 514
2 12
2 59
2 21
2 266
2 32
2 276
2 19
2 41
2 31
2 168
2 92
2 169
2 317
2 15
2 17
2 73
2 877
2 247
2 98
2 124
2 69
2 36
2 664
2 81
2 187
2 75
2 23
2 50
2 38
2 14
2 672
2 60
2 34
2 114
2 177
2 456
2 533
2 836
2 76
2 326
2 290
2 512
2 510
2 178
2 44
2 68
2 156
2 132
2 903
2 166
2 54
2 27
2 129
2 212
2 171
2 543
2 112
2 377
2 10
2 628
2 204
2 373
2 55
2 88
2 40
2 22
2 426
2 82
2 8
2 110
2 43
2 386
2 202
2 66
2 922
2 595
2 106
2 108
2 372
2 499
2 47
2 83
2 20
2 191
2 433
2 568
2 413
2 313
2 723
2 260
2 522
2 217
2 120
2 131
2 761
2 234
2 879
2 99
2 133
2 382
2 243
2 492
2 600
2 141
2 24
2 78
2 142
2 264
2 52
2 261
2 157
2 789
2 213
2 224
2 26
2 61
2 194
2 349
2 53
2 280
2 633
2 85
2 119
2 100
2 103
2 115
2 746
2 205
2 170
2 63
2 58
2 233
2 144
2 143
2 629
2 193
2 493
2 649
2 28
2 274
2 184
2 130
2 149
2 269
2 153
2 292
2 93
2 147
2 566
2 526
2 303
2 335
2 122
2 125
2 87
2 84
2 35
2 351
2 77
2 403
2 104
2 501
2 295
2 955
2 268
2 42
2 134
2 198
2 95
2 827
2 547
2 128
2 126
2 296
2 72
2 203
2 362
2 80
2 135
2 30
2 316
2 91
2 870
2 62
2 86
2 56
2 146
2 57
2 102
2 71
2 366
2 392
2 123
2 619
2 283
2 615
2 709
2 419
2 353
2 957
2 300
2 211
2 160
2 96
2 835
2 447
2 446
2 218
2 172
2 227
2 174
2 451
2 94
2 560
2 883
2 551
2 332
2 696
2 759
2 121
2 220
2 605
2 183
2 545
2 329
2 917
2 996
2 794
2 152
2 486
2 831
2 107
2 251
2 90
2 350
2 538
2 378
2 145
2 148
2 415
2 418
2 813
2 225
2 642
2 185
2 248
2 197
2 652
2 210
2 179
2 208
2 588
2 370
2 625
2 439
2 111
2 939
2 929
2 199
2 334
2 201
2 430
2 285
2 946
2 232
2 846
2 105
2 267
2 97
2 337
2 858
2 816
2 188
2 343
2 554
2 792
2 200
2 116
2 357
2 215
2 113
2 79
2 308
2 176
2 427
2 338
2 181
2 488
2 527
2 136
2 354
2 214
2 240
2 556
2 519
2 425
2 301
2 662
2 401
2 230
2 565
2 281
2 960
3 4
3 75
3 26
3 8
3 84
3 12
3 53
3 339
3 39
3 25
3 9
3 30
3 89
3 6
3 54
3 190
3 19
3 16
3 345
3 7
3 703
3 10
3 27
3 627
3 15
3 81
3 228
3 894
3 975
3 50
3 11
3 76
3 73
3 5
3 45
3 69
3 47
3 124
3 21
3 891
3 129
3 938
3 14
3 140
3 432
3 912
3 130
3 43
3 67
3 13
3 18
3 40
3 58
3 28
3 37
3 41
3 32
3 119
3 107
3 52
3 78
3 17
3 35
3 72
3 91
3 77
3 226
3 969
3 24
3 647
3 20
3 271
3 263
3 868
3 373
3 68
3 187
3 34
3 55
3 755
3 87
3 185
3 98
3 46
3 23
3 150
3 191
3 424
3 607
3 44
3 56
3 165
3 115
3 223
3 236
3 596
3 286
3 71
3 74
3 59
3 484
3 42
3 128
3 137
3 97
3 704
3 48
3 62
3 382
3 166
3 169
3 31
3 65
3 282
3 641
3 250
3 36
3 287
3 678
3 441
3 90
3 106
3 945
3 919
3 179
3 291
3 517
3 63
3 57
3 428
3 351
3 33
3 464
3 195
3 138
3 49
3 646
3 112
3 516
3 502
3 847
3 279
3 95
3 372
3 148
3 96
3 101
3 147
3 93
3 426
3 361
3 474
3 60
3 177
3 452
3 38
3 172
3 289
3 448
3 29
3 508
3 64
3 111
3 544
3 220
3 70
3 201
3 133
3 280
3 66
3 449
3 135
3 134
3 727
3 180
3 774
3 298
3 79
3 114
3 254
3 623
3 127
3 198
3 833
3 145
3 487
3 118
3 590
3 269
3 242
3 116
3 218
3 322
3 307
3 132
3 849
3 356
3 312
3 296
3 450
3 205
3 131
3 277
3 103
3 326
3 22
3 108
3 927
3 613
3 241
3 117
3 268
3 85
3 639
3 221
3 189
3 585
3 809
3 499
3 310
3 669
3 690
3 208
3 694
3 243
3 342
3 541
3 300
3 217
3 303
3 318
3 225
3 507
3 152
3 314
3 728
3 309
3 110
3 935
3 748
3 483
3 122
3 586
3 86
3 159
3 390
3 281
3 100
3 174
3 182
3 104
3 988
3 389
3 61
3 375
3 397
3 550
3 556
3 438
3 772
3 192
3 51
3 655
3 237
3 193
3 259
3 88
3 102
3 302
3 80
3 126
3 99
3 255
3 793
3 460
3 136
3 125
3 859
3 434
3 371
3 94
3 387
3 643
3 392
3 273
3 864
3 420
3 455
3 566
3 753
3 227
3 157
3 151
3 854
3 245
3 788
3 215
3 931
3 388
3 305
3 142
3 231
3 701
3 321
3 315
3 653
3 251
3 120
3 520
3 384
3 379
3 332
3 160
3 214
3 83
3 175
3 415
3 830
3 235
3 162
3 295
3 232
4 12
4 138
4 200
4 519
4 263
4 21
4 7
4 9
4 354
4 192
4 104
4 101
4 48
4 617
4 14
4 41
4 119
4 23
4 210
4 26
4 53
4 189
4 10
4 452
4 49
4 5
4 324
4 28
4 42
4 6
4 34
4 66
4 62
4 97
4 177
4 8
4 22
4 116
4 421
4 55
4 18
4 134
4 16
4 38
4 54
4 99
4 353
4 312
4 144
4 766
4 616
4 247
4 13
4 100
4 32
4 837
4 19
4 107
4 419
4 45
4 895
4 43
4 688
4 130
4 36
4 17
4 20
4 246
4 170
4 248
4 75
4 277
4 35
4 76
4 178
4 105
4 29
4 679
4 30
4 11
4 510
4 360
4 50
4 270
4 211
4 90
4 39
4 162
4 330
4 137
4 25
4 56
4 57
4 131
4 429
4 40
4 69
4 224
4 252
4 15
4 171
4 371
4 193
4 216
4 296
4 52
4 77
4 31
4 67
4 155
4 27
4 358
4 817
4 71
4 70
4 304
4 428
4 37
4 44
4 240
4 279
4 33
4 74
4 176
4 261
4 163
4 445
4 88
4 213
4 222
4 73
4 367
4 209
4 60
4 904
4 82
4 196
4 64
4 80
4 58
4 692
4 191
4 109
4 179
4 232
4 515
4 372
4 140
4 78
4 327
4 417
4 594
4 139
4 352
4 141
4 501
4 239
4 92
4 51
4 24
4 394
4 985
4 157
4 46
4 110
4 47
4 173
4 402
4 378
4 855
4 65
4 147
4 102
4 215
4 237
4 188
4 297
4 871
4 702
4 115
4 223
4 319
4 338
4 68
4 84
4 636
4 124
4 505
4 175
4 282
4 98
4 83
4 127
4 949
4 113
4 322
4 143
4 81
4 377
4 887
4 120
4 409
4 453
4 659
4 336
4 117
4 181
4 699
4 165
5 16
5 38
5 15
5 40
5 7
5 8
5 44
5 13
5 133
5 10
5 50
5 24
5 19
5 21
5 12
5 20
5 62
5 34
5 92
5 69
5 233
5 154
5 31
5 36
5 433
5 68
5 17
5 26
5 60
5 161
5 100
5 118
5 56
5 6
5 86
5 9
5 81
5 35
5 124
5 22
5 51
5 223
5 29
5 979
5 41
5 232
5 25
5 28
5 80
5 259
5 18
5 857
5 11
5 145
5 135
5 75
5 273
5 113
5 90
5 266
5 400
5 89
5 117
5 878
5 37
5 47
5 230
5 249
5 67
5 72
5 88
5 23
5 171
5 52
5 101
5 94
5 306
5 160
5 340
5 274
5 27
6 108
6 19
6 180
6 767
6 7
6 35
6 42
6 421
6 549
6 9
6 27
6 20
6 263
6 10
6 11
6 111
6 38
6 36
6 134
6 128
6 23
6 82
6 114
6 50
6 153
6 14
6 247
6 39
6 40
6 437
6 33
6 47
6 412
6 411
6 24
6 8
6 13
6 101
6 55
6 155
6 154
6 152
6 135
6 206
6 15
6 92
6 17
6 199
6 145
6 158
6 144
6 45
6 244
6 57
6 469
6 70
6 49
6 58
6 12
6 113
6 612
6 332
6 506
6 234
6 22
6 406
6 100
6 79
6 611
6 25
6 43
6 16
6 347
6 195
6 122
6 63
6 574
6 236
6 845
6 414
6 330
6 139
6 163
6 231
6 279
7 10
7 235
7 163
7 43
7 12
7 115
7 22
7 44
7 20
7 461
7 39
7 76
7 114
7 42
7 9
7 37
7 154
7 75
7 51
7 17
7 8
7 35
7 73
7 70
7 72
7 99
7 46
7 50
7 23
7 148
7 15
7 52
7 33
7 53
7 59
7 812
7 49
7 321
7 57
7 19
7 11
7 13
7 866
7 79
7 28
7 134
7 16
7 30
7 411
7 214
7 71
7 130
7 186
7 110
7 25
7 69
7 65
7 179
7 94
7 100
7 89
7 401
7 262
7 331
7 185
7 31
7 241
7 58
7 14
7 81
7 91
7 18
7 60
7 112
7 104
7 63
7 103
7 83
7 55
7 412
7 953
8 44
8 12
8 36
8 17
8 20
8 132
8 872
8 16
8 24
8 9
8 133
8 102
8 60
8 82
8 91
8 13
8 581
8 108
8 29
8 39
8 430
8 28
8 74
8 10
8 386
8 23
8 96
8 25
8 154
8 465
8 79
8 886
8 170
8 15
8 34
8 152
8 564
8 57
8 87
8 262
8 116
8 327
8 47
8 55
8 246
8 274
8 14
8 173
8 142
8 21
8 738
8 64
8 43
8 18
8 300
8 58
8 11
8 19
8 127
8 92
8 252
8 115
8 52
8 78
8 140
8 27
8 69
8 270
9 91
9 60
9 851
9 109
9 266
9 64
9 24
9 211
9 17
9 84
9 19
9 571
9 12
9 13
9 991
9 179
9 233
9 36
9 133
9 444
9 69
9 25
9 511
9 55
9 705
9 20
9 47
9 68
9 34
9 124
9 436
9 21
9 30
9 119
9 103
9 15
9 80
9 85
9 87
9 365
9 33
9 78
9 88
9 18
9 35
9 11
9 236
9 16
9 22
9 911
9 23
9 37
9 41
9 424
9 50
9 172
9 57
9 558
9 420
9 76
9 966
9 62
10 113
10 76
10 52
10 42
10 12
10 32
10 319
10 33
10 745
10 171
10 11
10 31
10 185
10 62
10 680
10 27
10 123
10 115
10 30
10 84
10 28
10 17
10 14
10 43
10 66
10 68
10 29
10 418
10 735
10 21
10 65
10 41
10 16
10 188
10 80
10 103
10 184
10 250
10 39
10 195
10 19
10 79
10 48
10 72
10 93
10 551
10 206
10 91
10 169
10 114
10 124
10 127
10 148
10 237
11 22
11 107
11 37
11 220
11 129
11 29
11 12
11 20
11 95
11 19
11 99
11 13
11 24
11 398
11 989
11 59
11 34
11 87
11 36
11 18
11 50
11 38
11 176
11 74
11 204
11 62
11 63
11 254
11 160
11 283
11 33
11 41
11 212
11 65
11 137
11 91
11 155
11 103
11 26
11 42
11 138
11 21
11 253
11 28
11 14
11 114
11 115
11 54
12 20
12 30
12 18
12 136
12 24
12 37
12 49
12 15
12 33
12 106
12 122
12 89
12 21
12 222
12 14
12 73
12 16
12 22
12 464
12 54
12 23
12 41
12 144
12 19
12 51
12 46
12 52
12 420
12 26
12 115
12 116
12 961
12 164
12 67
12 97
12 175
12 81
12 76
12 133
12 78
12 157
13 35
13 150
13 33
13 216
13 36
13 45
13 123
13 24
13 130
13 48
13 49
13 93
13 14
13 31
13 108
13 69
13 525
13 18
13 32
13 26
13 999
13 28
13 112
13 94
13 43
13 422
13 25
13 96
13 142
13 410
13 104
13 405
13 382
13 22
13 762
13 480
13 68
13 16
13 172
13 50
14 17
14 34
14 35
14 27
14 447
14 44
14 37
14 65
14 116
14 815
14 119
14 122
14 175
14 28
14 64
14 48
14 825
14 196
14 53
14 361
14 38
14 15
14 457
14 20
14 274
14 24
14 158
14 160
14 204
14 413
14 22
14 184
14 275
14 261
14 88
14 521
15 42
15 182
15 105
15 29
15 91
15 16
15 214
15 23
15 82
15 266
15 24
15 31
15 385
15 68
15 199
15 26
15 39
15 37
15 754
15 834
15 72
15 112
15 139
15 62
15 520
15 474
15 536
15 18
15 522
15 28
15 22
15 540
15 396
15 151
15 25
15 267
15 110
16 71
16 49
16 733
16 141
16 258
16 55
16 62
16 405
16 57
16 260
16 319
16 60
16 18
16 69
16 91
16 54
16 28
16 75
16 25
16 259
16 40
16 193
16 24
16 65
16 626
16 289
16 66
16 22
16 115
16 130
16 19
16 50
16 419
16 32
16 94
16 197
16 79
16 80
16 27
16 96
16 41
17 49
17 22
17 148
17 30
17 90
17 34
17 18
17 143
17 429
17 20
17 38
17 21
17 87
17 60
17 218
17 132
17 68
17 84
17 24
17 336
17 941
17 54
17 88
17 37
17 123
17 29
17 63
18 26
18 136
18 23
18 624
18 19
18 123
18 25
18 151
18 34
18 360
18 108
18 44
18 48
18 28
18 38
18 39
18 33
18 27
18 47
18 86
18 71
18 114
18 58
19 80
19 537
19 29
19 587
19 26
19 471
19 32
19 89
19 49
19 107
19 44
19 144
19 46
19 30
19 742
19 875
19 188
19 53
19 40
19 37
19 27
19 39
19 74
19 35
19 477
19 67
20 61
20 318
20 22
20 109
20 120
20 52
20 440
20 255
20 317
20 305
20 31
20 114
20 323
20 51
20 204
20 37
20 258
20 70
20 29
20 25
20 92
20 27
20 196
20 30
21 42
21 175
21 49
21 36
21 89
21 93
21 28
21 98
21 24
21 127
21 417
21 648
21 990
21 380
21 35
21 26
21 60
21 285
22 349
22 139
22 572
22 670
22 35
22 334
22 313
22 55
22 79
22 37
22 258
22 72
22 246
22 31
22 66
22 30
22 23
22 27
22 33
22 69
22 59
22 203
22 67
23 40
23 154
23 48
23 28
23 249
23 455
23 27
23 56
23 264
23 562
23 137
23 459
23 341
23 77
23 95
23 52
23 117
23 576
23 61
23 203
23 24
23 34
23 537
23 62
23 26
23 942
23 897
23 124
23 260
24 364
24 43
24 31
24 34
24 58
24 67
24 88
24 930
24 171
24 28
24 90
24 311
24 73
24 41
24 221
25 52
25 38
25 575
25 45
25 209
25 32
25 256
25 53
25 123
25 92
25 533
25 591
25 61
26 257
26 48
26 52
26 368
26 29
26 181
26 86
26 67
26 90
26 673
26 149
26 38
26 44
26 30
26 168
26 34
26 186
26 39
26 70
26 423
26 88
26 131
26 28
26 116
26 60
27 94
27 74
27 34
27 49
27 30
27 265
27 553
27 638
27 122
27 269
27 111
27 275
27 173
27 72
27 56
27 79
27 160
27 55
27 37
27 155
27 756
28 32
28 61
28 186
28 763
28 70
28 112
28 281
28 42
28 267
28 104
28 62
28 47
28 146
28 101
28 609
28 37
29 198
29 155
29 82
29 85
29 43
29 52
29 128
29 187
29 84
29 213
29 34
29 149
29 175
29 197
29 96
29 246
29 33
29 47
29 88
29 102
29 120
29 802
29 69
29 137
30 41
30 103
30 476
30 47
30 34
30 278
30 233
30 472
30 80
30 42
30 44
30 81
30 137
30 45
30 39
30 76
30 92
31 249
31 139
31 153
31 44
31 36
31 102
31 72
31 162
31 295
31 125
31 183
31 106
31 93
31 366
31 129
31 34
31 126
32 844
32 96
32 328
32 94
32 174
32 97
32 48
32 93
32 43
32 221
32 157
32 60
32 105
32 141
32 288
32 41
33 137
33 97
33 68
33 253
33 42
33 204
33 264
33 284
33 90
33 189
33 521
33 37
33 58
33 323
34 43
34 310
34 68
34 104
34 165
34 70
34 45
34 517
34 105
34 143
35 37
35 156
35 63
35 336
35 272
35 93
35 85
35 359
35 41
35 862
35 66
35 158
35 248
36 338
36 83
36 431
36 260
36 484
36 88
36 326
36 63
36 39
36 951
36 103
36 44
36 75
36 107
37 964
37 84
37 183
37 65
37 47
37 51
37 130
37 136
37 90
37 249
38 129
38 156
38 100
38 273
38 312
38 98
38 153
38 146
38 151
38 635
38 108
38 306
38 117
38 335
38 126
38 180
39 244
39 72
39 818
39 96
39 173
39 98
39 984
39 986
39 494
39 49
39 404
39 231
40 54
40 99
40 279
40 189
40 232
40 148
40 42
40 199
40 58
40 105
40 53
40 352
41 687
41 57
41 143
41 726
41 44
41 188
41 62
41 309
41 810
41 42
42 78
42 140
42 72
42 103
42 66
42 465
42 65
42 149
42 124
42 46
42 59
42 162
42 45
43 87
43 368
43 660
43 196
43 302
43 724
43 114
43 456
43 785
43 54
44 151
44 309
44 65
44 91
44 436
44 799
44 45
44 154
44 105
45 127
45 48
45 68
45 350
45 73
45 74
45 55
45 142
46 47
46 159
46 885
46 229
46 154
46 72
46 56
47 205
47 391
47 145
47 51
48 63
48 546
48 68
48 381
48 65
48 76
48 87
48 225
49 180
49 123
49 138
49 85
49 108
49 443
49 65
49 100
50 502
50 137
50 70
50 54
50 82
51 606
51 569
51 125
52 209
52 80
52 902
52 610
52 146
52 171
53 503
53 96
53 216
53 303
53 117
53 172
53 91
53 150
54 121
54 257
54 61
54 70
55 152
55 896
55 192
55 119
55 236
55 62
56 80
56 304
56 471
57 124
57 429
57 251
57 121
57 973
58 355
58 73
58 801
58 65
59 277
59 93
59 932
59 72
60 544
60 132
60 67
61 442
61 179
61 72
61 357
61 797
61 79
62 126
62 495
62 574
62 252
63 182
63 161
63 81
64 71
64 69
64 219
65 142
65 219
65 276
65 116
65 598
67 86
67 404
67 320
67 70
67 614
68 96
68 184
69 113
69 925
69 458
69 264
69 125
70 524
70 536
70 75
71 179
71 316
71 72
71 473
72 76
72 83
72 196
73 277
73 356
74 90
74 528
74 331
75 91
75 311
75 118
75 100
75 84
76 328
77 124
77 94
77 219
77 175
78 270
78 97
78 321
79 85
79 165
80 141
80 937
80 483
81 987
81 216
81 450
81 169
82 113
82 238
82 220
82 820
82 109
83 256
83 110
83 262
83 780
83 369
84 239
84 111
85 86
86 180
89 126
89 156
90 118
90 839
92 253
93 101
93 170
94 157
94 198
95 218
96 159
97 164
98 104
98 173
99 367
99 749
100 251
100 407
102 396
102 622
102 128
102 248
103 162
103 962
105 166
106 933
107 267
109 293
110 149
111 118
111 127
111 128
112 235
112 134
113 280
113 155
114 122
115 121
116 306
117 400
117 211
117 928
118 165
118 800
118 297
119 330
120 154
120 129
123 275
123 379
123 221
124 140
125 213
125 340
125 534
127 231
128 468
130 227
135 466
138 166
138 146
139 176
140 178
140 197
141 229
141 867
144 163
145 893
148 163
150 205
151 208
152 408
153 423
153 307
154 567
156 207
158 329
159 936
162 906
164 394
164 599
166 561
169 602
170 568
170 341
176 559
181 397
182 500
184 202
191 472
202 768
203 290
207 406
217 549
218 250
228 248
234 516
238 413
242 380
272 418
273 283
287 388
292 650
300 352
301 769
305 882
314 570
315 714
317 814
333 731
350 577
388 899
400 573
408 490
431 710
460 983
469 500
481 821
491 730
527 711
542 565
580 997
592 668
